tyre_radius: 0.1016
max_steering: 1.0
min_steering: -1.0
tractor_velocity: 0.2
points_per_paths: 15
dist_btw_points: 0.1
lookahead_total_paths: 100
threshold_dist: 0.45
sim_steps: 100
dt: 0.01
self.start_num_knots: 300
duration_time: 1.0832233905792237
erro_percentual: 7.840908922687673
erro_percentual_bezier: 0.4773223538827448
