tyre_radius: 0.1016
max_steering: 1.0
min_steering: -1.0
tractor_velocity: 0.2
points_per_paths: 15
dist_btw_points: 0.1
lookahead_total_paths: 100
threshold_dist: 0.55
sim_steps: 100
dt: 0.01
self.start_num_knots: 300
duration_time: 3.285158995787303
erro_percentual: 9.232149767348613
erro_percentual_bezier: 1.3615051916308476
